default_code
1
123
130
170
172
195
196
197
235
308
364
398
514
526
576
649
661
662
738
758
809
890
909
937
1170
1280
1281
1306
1322
1387
1388
1415
1430
1434
1572
1668
1727
1731
1786
1787
1872
1873
1874
1875
1877
1943
2022
2083
2122
2139
2214
2410
2411
2523
2547
2614
2632
2634
2643
2654
2697
2701
2721
2734
2745
2859
2870
2873
2888
2892
2910
2937
2965
2969
2995
3029
3077
3102
3138
3169
3171
3212
3223
3231
3240
3241
3242
3243
3244
3278
3281
3282
3307
3311
3325
3326
3333
3360
3362
3421
3439
3440
3458
3491
3501
3512
3514
3515
3516
3517
3518
3519
3520
3521
3522
3523
3524
3525
3526
3527
3528
3529
3530
3531
3532
3533
3534
3542
3551
3559
3563
3564
3581
3582
3598
3618
3620
3623
3624
3625
3626
3627
3632
3659
3669
3684
3685
3689
3692
3693
3711
3720
3742
3743
3768
3782
3788
3792
3798
3818
3834
3835
3877
3885
3900
3903
3911
3919
3936
3946
3948
3973
3974
3997
4029
4032
4042
4046
4048
4060
4062
4071
4074
4084
4087
4101
4102
4118
4119
4121
4127
4133
4134
4137
4153
4162
4187
4190
4204
4220
4229
4241
4247
4263
4276
4298
4311
4328
4342
4348
4349
4350
4361
4363
4378
4387
4390
4393
4419
4431
4440
4442
4445
4450
4452
4453
4454
4460
4483
4484
4485
4486
4487
4491
4492
4494
4495
4496
4502
4506
4509
4519
4531
4543
4544
4545
4559
4561
4568
4569
4573
4574
4577
4578
4579
4581
4582
4583
4584
4585
4586
4587
4609
4615
4627
4634
4647
4649
4653
4654
4655
4661
4662
4664
4666
4670
4671
4672
4673
4676
4687
4688
4713
4716
4730
4734
4745
4746
4747
4748
4762
4769
4786
4797
4804
4805
4806
4807
4808
4809
4810
4811
4812
4817
4860
4861
4862
4863
4875
4877
4883
4896
4897
4903
4969
4971
4973
4975
4976
4998
4999
5000
5001
5002
5003
5004
5005
5028
5029
5034
5035
5065
5069
5078
5083
5094
5095
5105
5111
5112
5143
5158
5173
5174
5175
5180
5191
5200
5220
5221
5239
5240
5241
5242
5243
5244
5245
5249
5258
5261
5269
5270
5278
5284
5305
5355
5362
5367
5400
5402
5408
5410
5435
5438
5438
5463
5466
5467
5479
5480
5511
5514
5517
5535
5536
5537
5539
5559
5561
5562
5572
5573
5574
5575
5578
5579
5601
5604
5612
5615
5616
5624
5626
5640
5666
5690
5697
5713
5730
5732
5735
5738
5779
5781
5791
5801
5804
5805
5818
5832
5842
5843
5844
5846
5847
5850
5860
5877
5879
5880
5886
5891
5895
5899
5904
5907
5909
5911
5914
5915
5916
5920
5978
5981
5984
5991
5992
5993
6001
6006
6009
6010
6011
6016
6018
6059
6061
6062
6063
6069
6072
6073
6074
6075
6076
6081
6082
6084
6109
6110
6113
6131
6135
6136
6138
6140
6144
6156
6160
6161
6176
6177
6179
6186
6187
6188
6198
6206
6247
6252
6253
6254
6258
6284
6291
6294
6295
6299
6303
6305
6309
6311
6312
6313
6314
6315
6318
6334
6335
6336
6349
6351
6357
6359
6360
6364
6378
6381
6413
6420
6422
6423
6424
6425
6445
6447
6452
6454
6458
6460
6464
6466
6472
6474
6477
6496
6505
6532
6539
6540
6541
6542
6548
6550
6551
6562
6563
6564
6565
6567
6570
6571
6572
6573
6574
6575
6576
6577
6578
6579
6580
6581
6582
6583
6589
6590
6591
6592
6593
6594
6595
6596
6597
6598
6599
6600
6601
6602
6610
6611
6613
6614
6615
6616
6618
6621
6624
6627
6633
6634
6635
6636
6638
6655
6657
6670
6671
6673
6747
6750
6758
6800
6811
6871
6894
6895
6899
6908
6920
6921
6922
6926
6931
6933
6937
6938
6940
6941
6942
6951
6952
6960
6961
6962
6966
6977
6984
6999
7000
7008
7009
7011
7045
7046
7050
7051
7052
7054
7060
7072
7076
7082
7085
7098
7100
7104
7107
7108
7116
7117
7123
7128
7129
7130
7131
7135
7138
7141
7142
7143
7144
7160
7161
7162
7163
7164
7165
7166
7167
7178
7181
7185
7187
7190
7191
7193
7194
7195
7196
7197
7200
7204
7205
7212
7216
7218
7219
7220
7234
7235
7237
7244
7246
7248
7255
7257
7263
7265
7280
7287
7301
7307
7308
7311
7313
7316
7317
7325
7329
7336
7341
7344
7353
7365
7366
7367
7369
7369
7372
7378
7379
7381
7394
7400
7401
7408
7417
7429
7430
7434
7440
7441
7442
7444
7445
7452
7453
7459
7465
7466
7467
7468
7470
7470
7471
7471
7472
7473
7474
7480
7490
7495
7501
7503
7506
7508
7509
7514
7517
7522
7531
7533
7539
7540
7542
7547
7549
7558
7562
7564
7568
7569
7570
7572
7578
7580
7585
7586
7587
7589
7599
7600
7605
7609
7610
7610
7616
7620
7625
7634
7635
7636
7637
7640
7641
7656
7657
7663
7664
7665
7667
7668
7682
7684
7689
7690
7691
7692
7695
7696
7698
7700
7705
7706
7712
7713
7717
7719
7720
7724
7726
7736
7739
7740
7741
7742
7747
7753
7755
7756
7757
7758
7760
7762
7763
7764
7765
7766
7767
7777
7780
7781
7795
7798
7805
7808
7811
7821
7830
7841
7847
7857
7862
7865
7866
7868
7872
7880
7887
7888
7892
7896
7897
7901
7905
7906
7909
7913
7914
7918
7922
7949
7950
7960
7969
7978
7985
7997
8006
8008
8010
8011
8018
8019
8021
8022
8025
8034
8035
8036
8046
8050
8060
8063
8064
8072
8074
8078
8080
8082
8083
8084
8085
8087
8089
8091
8092
8098
8104
8105
8106
8112
8125
8128
8137
8138
8140
8145
8153
8155
8157
8161
8170
8171
8172
8175
8178
8180
8181
8182
8183
8188
8194
8195
8204
8207
8209
8211
8214
8215
8216
8217
8220
8221
8222
8223
8226
8228
8238
8240
8241
8242
8243
8244
8246
8247
8250
8257
8258
8267
8271
8276
8277
8281
8285
8303
8306
8309
8313
8315
8316
8323
8326
8327
8329
8329
8342
8345
8380
8382
8383
8384
8385
8386
8387
8388
8392
8393
8394
8396
8399
8402
8412
8413
8420
8432
8433
8434
8437
8438
8439
8440
8450
8453
8454
8459
8462
8463
8464
8465
8470
8471
8480
8483
8486
8487
8491
8492
8496
8497
8498
8507
8508
8509
8515
8530
8531
8536
8538
8543
8551
8555
8566
8567
8568
8569
8570
8576
8577
8578
8583
8584
8593
8596
8605
8610
8616
8617
8618
8620
8621
8622
8627
8639
8641
8647
8651
8652
8656
8657
8662
8665
8667
8668
8669
8673
8674
8675
8676
8678
8680
8683
8687
8693
8695
8696
8699
8702
8703
8705
8706
8708
8709
8712
8715
8716
8719
8720
8727
8728
8733
8744
8746
8747
8748
8749
8750
8753
8756
BOH-11046
145
148
180
248
261
328
409
479
553
623
653
702
845
846
849
896
911
912
1006
1121
1132
1133
1136
1175
1180
1205
1271
1325
1331
1332
1338
1360
1416
1552
1720
1721
1778
1794
1878
1893
1908
1908
1925
1929
2044
2167
2199
2254
2274
2310
2347
2499
2533
2546
2551
2581
2607
2619
2621
2644
2686
2752
2774
2776
2779
2815
2828
2843
2871
2903
2909
2957
3007
3045
3046
3072
3073
3074
3075
3076
3100
3116
3125
3126
3127
3128
3129
3163
3221
3233
3255
3267
3274
3279
3305
3331
3337
3344
3349
3367
3387
3389
3390
3391
3429
3431
3441
3442
3454
3465
3471
3472
3486
3490
3498
3508
3548
3557
3558
3567
3570
3571
3578
3587
3588
3590
3592
3593
3601
3602
3603
3604
3605
3606
3613
3621
3635
3645
3651
3653
3660
3661
3662
3663
3675
3687
3690
3704
3705
3707
3708
3712
3714
3721
3734
3772
3773
3781
3790
3797
3799
3804
3808
3810
3814
3815
3817
3820
3827
3828
3847
3854
3862
3863
3864
3865
3866
3867
3868
3869
3870
3879
3905
3906
3907
3912
3913
3920
3922
3925
3938
3954
3956
3964
3976
3980
3981
3994
4000
4001
4002
4003
4004
4011
4016
4021
4028
4085
4086
4110
4115
4123
4126
4143
4145
4146
4147
4148
4149
4154
4167
4196
4214
4215
4237
4249
4255
4257
4260
4261
4265
4274
4279
4293
4310
4315
4323
4331
4333
4334
4338
4339
4341
4366
4367
4384
4385
4406
4420
4438
4451
4458
4466
4468
4469
4470
4488
4508
4513
4514
4515
4516
4526
4527
4532
4542
4546
4547
4550
4551
4552
4553
4554
4556
4557
4558
4564
4588
4592
4593
4616
4617
4618
4619
4620
4621
4622
4623
4631
4635
4641
4642
4645
4665
4668
4669
4693
4697
4717
4718
4723
4725
4726
4737
4741
4752
4772
4780
4782
4783
4813
4819
4827
4835
4836
4839
4843
4845
4870
4878
4901
4902
4904
4913
4919
4920
4922
4923
4933
4934
4935
4936
4938
4944
4947
4954
4957
4960
4961
4963
4965
4970
4978
4979
4980
4982
4983
4986
4987
4989
4993
5016
5031
5032
5042
5043
5047
5048
5049
5050
5051
5052
5053
5054
5055
5056
5061
5067
5076
5077
5080
5100
5101
5102
5103
5108
5114
5115
5116
5117
5118
5128
5132
5139
5145
5160
5161
5162
5163
5172
5190
5224
5228
5229
5236
5253
5273
5274
5276
5280
5281
5282
5283
5285
5294
5298
5299
5300
5310
5314
5327
5339
5357
5365
5369
5373
5377
5379
5390
5420
5426
5428
5441
5446
5448
5452
5460
5461
5462
5471
5481
5484
5485
5486
5487
5489
5496
5497
5498
5499
5502
5507
5526
5527
5532
5540
5540
5545
5550
5551
5552
5553
5554
5565
5583
5584
5588
5591
5608
5618
5623
5626
5627
5631
5633
5634
5646
5648
5658
5662
5670
5671
5672
5673
5674
5679
5680
5681
5682
5684
5685
5701
5702
5703
5704
5706
5710
5712
5717
5722
5734
5746
5747
5748
5751
5754
5757
5761
5762
5763
5769
5770
5771
5772
5777
5780
5787
5788
5789
5790
5796
5810
5812
5814
5815
5816
5830
5831
5852
5857
5871
5873
5874
5883
5906
5927
5928
5930
5945
5950
5975
5976
5977
5989
5995
6005
6007
6014
6022
6060
6065
6071
6087
6089
6090
6095
6100
6111
6118
6122
6126
6127
6128
6129
6130
6141
6142
6145
6148
6150
6151
6158
6163
6174
6175
6178
6180
6181
6182
6183
6184
6193
6203
6205
6213
6221
6222
6223
6225
6234
6239
6244
6246
6250
6255
6262
6276
6279
6280
6281
6296
6310
6337
6345
6354
6355
6358
6361
6365
6385
6386
6392
6393
6394
6395
6396
6397
6398
6399
6400
6401
6402
6403
6404
6405
6406
6407
6408
6409
6410
6411
6412
6414
6415
6417
6419
6429
6437
6438
6441
6446
6463
6468
6469
6476
6480
6482
6526
6527
6536
6537
6538
6545
6548
6549
6557
6559
6585
6603
6604
6606
6607
6612
6626
6630
6637
6639
6640
6641
6642
6643
6644
6645
6646
6647
6649
6653
6654
6656
6659
6660
6661
6662
6663
6664
6665
6666
6667
6680
6687
6688
6689
6690
6705
6716
6718
6722
6723
6724
6725
6726
6727
6728
6729
6746
6752
6756
6759
6761
6767
6772
6773
6774
6775
6776
6777
6778
6779
6780
6781
6782
6783
6784
6785
6786
6789
6792
6802
6803
6804
6805
6806
6807
6808
6809
6810
6819
6820
6821
6825
6826
6827
6828
6829
6830
6831
6832
6833
6834
6835
6840
6841
6842
6843
6844
6845
6846
6847
6848
6849
6850
6851
6852
6853
6854
6855
6856
6857
6858
6859
6860
6874
6875
6882
6883
6884
6888
6897
6903
6904
6905
6906
6910
6911
6912
6914
6929
6930
6935
6944
6947
6948
6953
6971
6972
6973
6974
6975
6976
6979
6981
6986
6987
6988
6989
6990
6993
6995
6996
6997
7005
7015
7017
7018
7024
7029
7030
7040
7041
7043
7044
7047
7048
7049
7056
7067
7077
7081
7084
7086
7087
7091
7099
7110
7113
7118
7124
7125
7126
7136
7146
7147
7151
7152
7158
7168
7169
7171
7173
7180
7186
7187
7188
7201
7202
7215
7217
7223
7224
7227
7228
7230
7231
7238
7240
7258
7266
7272
7273
7274
7275
7278
7281
7282
7283
7284
7285
7286
7288
7289
7289
7289
7293
7299
7309
7310
7312
7314
7315
7319
7322
7334
7342
7343
7351
7352
7354
7355
7358
7359
7363
7369
7369
7370
7373
7386
7390
7392
7398
7407
7411
7412
7419
7420
7421
7422
7427
7429
7431
7435
7436
7437
7439
7461
7482
7484
7493
7494
7499
7500
7504
7507
7510
7510
7510
7515
7516
7519
7527
7534
7535
7538
7543
7544
7548
7550
7551
7556
7557
7561
7577
7581
7583
7584
7594
7596
7603
7608
7613
7614
7617
7618
7619
7621
7622
7624
7626
7627
7628
7630
7631
7638
7643
7643
7643
7644
7645
7647
7651
7652
7653
7654
7658
7659
7660
7668
7669
7673
7686
7687
7694
7702
7707
7708
7709
7710
7711
7715
7718
7721
7722
7725
7728
7729
7731
7735
7743
7744
7746
7749
7759
7769
7770
7771
7773
7775
7776
7778
7779
7784
7785
7786
7787
7789
7794
7800
7803
7803
7806
7807
7813
7814
7815
7817
7818
7819
7824
7825
7826
7827
7828
7829
7831
7832
7833
7836
7839
7840
7842
7848
7851
7854
7858
7860
7870
7871
7871
7874
7877
7881
7882
7883
7884
7885
7886
7889
7891
7894
7899
7903
7910
7911
7915
7919
7920
7921
7923
7924
7928
7932
7936
7938
7939
7952
7953
7954
7955
7956
7957
7962
7963
7964
7968
7975
7976
7977
7981
7986
7988
7989
7990
7991
7993
7994
7996
7998
7998
7999
8000
8001
8002
8003
8004
8005
8007
8012
8014
8015
8017
8020
8023
8024
8029
8031
8031
8032
8033
8037
8038
8041
8042
8044
8047
8051
8052
8055
8058
8061
8062
8065
8066
8068
8079
8084
8093
8094
8095
8097
8099
8102
8103
8110
8113
8114
8115
8116
8117
8118
8119
8121
8124
8127
8129
8130
8131
8132
8135
8142
8147
8151
8152
8154
8160
8162
8163
8165
8169
8173
8174
8176
8177
8179
8190
8192
8198
8201
8208
8210
8213
8218
8224
8229
8230
8231
8236
8239
8245
8249
8253
8254
8259
8262
8265
8265
8267
8278
8280
8282
8284
8289
8290
8293
8294
8296
8305
8311
8312
8319
8325
8330
8333
8334
8336
8337
8338
8343
8346
8347
8357
8359
8363
8367
8368
8370
8373
8375
8379
8389
8391
8397
8401
8408
8409
8410
8411
8415
8416
8417
8418
8419
8422
8428
8429
8430
8441
8442
8443
8446
8447
8449
8451
8455
8456
8457
8458
8460
8467
8468
8472
8473
8474
8475
8476
8477
8479
8481
8484
8488
8503
8504
8505
8506
8510
8514
8516
8518
8519
8520
8522
8523
8524
8525
8527
8529
8532
8533
8534
8535
8537
8542
8544
8546
8549
8560
8562
8564
8565
8572
8573
8574
8575
8579
8580
8581
8582
8586
8587
8588
8589
8590
8591
8598
8599
8600
8601
8602
8603
8604
8606
8607
8608
8609
8611
8612
8613
8615
8619
8624
8625
8626
8628
8629
8630
8631
8632
8633
8634
8635
8636
8637
8638
8642
8643
8645
8646
8648
8650
8654
8655
8658
8659
8660
8661
8664
8666
8670
8671
8672
8677
8679
8681
8685
8686
8688
8689
8690
8691
8694
8697
8698
8701
8704
8707
8711
8713
8714
8717
8718
8721
8722
8726
8729
8730
8731
8732
8734
8735
8736
8737
8738
8740
8743
8745
8752
8754
8755
8757